   [Parameters]

sig_deltaphi_p1 =  3.4406 +/- 0.043677  C L(-100 - 100)
sig_deltaphi_p2 = -4.46166 +/- 0.043499 C L(-100 - 100)
sig_deltaphi_p3 =  1.6282 +/- 0.014628  C L(-100 - 100)

ttbar_deltaphi_p1 =  1.3422 +/- 5.1927   L(-100 - 100)
ttbar_deltaphi_p2 = -0.434614 +/- 2.7049 L(-100 - 100)
ttbar_deltaphi_p3 =  0.49733 +/- 1.1138  L(-100 - 100)

ttbar_met_mean =  14.095 +/- 2.1104 L(0 - 200) 
ttbar_met_sigmaL =  6.5598 +/- 1.4353 L(0 - 1000) 
ttbar_met_sigmaR =  26.896 +/- 3.3158 L(0 - 1000) 
ttbar_met_alphaL =  0.0000 +/- 0.11652 C L(0 - 10) 
ttbar_met_alphaR =  0.23576 +/- 0.064217 L(0 - 1000) 

wenu_deltaphi_mean   =  3.1000 +/- 0.40000 C L(0 - 200)
wenu_deltaphi_sigmaR =  1.0000 +/- 0.30000 C L(0 - 1000)
wenu_deltaphi_alphaR =  0.20000 +/- 0.0095486 C L(0 - 1000)
wenu_deltaphi_sigmaL =  1.0676 +/- 0.027925 C L(0 - 1000)
wenu_deltaphi_alphaL =  1.8900 +/- 0.029521 C L(0 - 1000)

wenu_met_mean   =  35.0 +/- 0.4 C L(0 - 200) 
wenu_met_sigmaL =  10.0 +/- 0.2 C L(0 - 1000) 
wenu_met_sigmaR =  10.0 +/- 0.3 C L(0 - 1000) 
wenu_met_alphaL =  0.1 +/- 0.0066111 C L(0 - 1000) 
wenu_met_alphaR =  0.20317 +/- 0.0095486 C L(0 - 1000) 




N_ttbar      =  250000 +/- 502.82 L(-100 - 5000000)
N_sig        =  0 +/- 58.009 C L(-100 - 10000000) 
N_wenu       =  0 +/- 14.526  C L(-100 - 1000000)

   [Observables]

qcdInvmass  =  90 C L(0 - 600)      // [TeV]
qcdMet      =  50 C L(0 - 100)
qcdDeltaphi =   1 C L(1.0 - 3.1415)
weight      =   1 C L(0 - 10000000)



