   [Parameters]

sig_mass_mean   =  54.258 +/- 0.34594 C L(0 - 200)
sig_mass_sigmaL =  20.102 +/- 0.19251 C L(0 - 1000)
sig_mass_sigmaR =  53.538 +/- 0.34964 C L(0 - 1000)
sig_mass_alphaL =  0.0014967 +/- 0.0015009 C L(0 - 1000)
sig_mass_alphaR =  0.17218 +/- 0.0011778   C L(0 - 1000)

sig_deltaphi_p1 =  78.982 +/- 0.68252  C L(-100 - 100)
sig_deltaphi_p2 = -82.9898 +/- 0.68016 C L(-100 - 100)
sig_deltaphi_p3 =  27.399 +/- 0.23703  C L(-100 - 100)

sig_met_mean =  9.4669 +/- 0.14368   L(0 - 200)
sig_met_sigmaL =  4.4587 +/- 0.10040 L(0 - 1000)
sig_met_sigmaR =  15.516 +/- 0.12813 L(0 - 1000)
sig_met_alphaL =  0.00000000000007 +/- 0.0010572 L(0 - 1000)
sig_met_alphaR =  0.087989 +/- 0.0022749 L(0 - 1000)





wenu_mass_mean   =  55.0 +/- 0.4 C L(40 - 200) 
wenu_mass_sigmaL =  20.0 +/- 0.2 C L(0 - 1000) 
wenu_mass_sigmaR =  50.0 +/- 0.3 C L(0 - 1000) 
wenu_mass_alphaL =  0.00001 +/- 0.0066111 C L(0 - 1000) 
wenu_mass_alphaR =  0.20317 +/- 0.0095486 C L(0 - 1000) 

wenu_deltaphi_mean   =  3.1000 +/- 0.40000 C L(0 - 200)
wenu_deltaphi_sigmaR =  1.0000 +/- 0.30000 C L(0 - 1000)
wenu_deltaphi_alphaR =  0.20000 +/- 0.0095486 C L(0 - 1000)
wenu_deltaphi_sigmaL =  1.0676 +/- 0.027925 C L(0 - 1000)
wenu_deltaphi_alphaL =  1.8900 +/- 0.029521 C L(0 - 1000)

wenu_met_mean   =  55.0 +/- 0.4 C L(40 - 200) 
wenu_met_sigmaL =  20.0 +/- 0.2 C L(0 - 1000) 
wenu_met_sigmaR =  50.0 +/- 0.3 C L(0 - 1000) 
wenu_met_alphaL =  0.00001 +/- 0.0066111 C L(0 - 1000) 
wenu_met_alphaR =  0.20317 +/- 0.0095486 C L(0 - 1000) 





ttbar_mass_mean   =  55.0 +/- 0.4 C L(40 - 200) 
ttbar_mass_sigmaL =  20.0 +/- 0.2 C L(0 - 1000) 
ttbar_mass_sigmaR =  50.0 +/- 0.3 C L(0 - 1000) 
ttbar_mass_alphaL =  0.00001 +/- 0.0066111 C L(0 - 1000) 
ttbar_mass_alphaR =  0.20317 +/- 0.0095486 C L(0 - 1000) 

ttbar_deltaphi_p1 = -0.0139539 +/- 0.00028502 C L(-100 - 100) 
ttbar_deltaphi_p2 =  0.000053390 +/- 0.0000025929 C L(-100 - 100) 
ttbar_deltaphi_p3 =  0.000053390 +/- 0.0000025929 C L(-100 - 100) 

ttbar_met_mean   =  55.0 +/- 0.4 C L(40 - 200) 
ttbar_met_sigmaL =  20.0 +/- 0.2 C L(0 - 1000) 
ttbar_met_sigmaR =  50.0 +/- 0.3 C L(0 - 1000) 
ttbar_met_alphaL =  0.00001 +/- 0.0066111 C L(0 - 1000) 
ttbar_met_alphaR =  0.20317 +/- 0.0095486 C L(0 - 1000) 





zAndGammaJ_mass_mean   =  91.209 +/- 0.15192 C L(40 - 120) 
zAndGammaJ_mass_sigmaL =  2.8210 +/- 0.12759 C L(0 - 1000) 
zAndGammaJ_mass_sigmaR =  2.0508 +/- 0.11764 C L(0 - 1000) 
zAndGammaJ_mass_alphaL =  0.24323 +/- 0.0066111 C L(0 - 1000) 
zAndGammaJ_mass_alphaR =  0.20317 +/- 0.0095486 C L(0 - 1000) 

zAndGammaJ_deltaphi_p1 = -0.0139539 +/- 0.00028502 C L(-100 - 100) 
zAndGammaJ_deltaphi_p2 =  0.000053390 +/- 0.0000025929 C L(-100 - 100) 
zAndGammaJ_deltaphi_p3 =  0.000053390 +/- 0.0000025929 C L(-100 - 100) 

zAndGammaJ_met_mean   =  91.209 +/- 0.15192 C L(40 - 120) 
zAndGammaJ_met_sigmaL =  2.8210 +/- 0.12759 C L(0 - 1000) 
zAndGammaJ_met_sigmaR =  2.0508 +/- 0.11764 C L(0 - 1000) 
zAndGammaJ_met_alphaL =  0.24323 +/- 0.0066111 C L(0 - 1000) 
zAndGammaJ_met_alphaR =  0.20317 +/- 0.0095486 C L(0 - 1000) 




N_sig        =  3365.1 +/- 58.009 L(-100 - 10000000) 
N_wenu       =  0 +/- 14.526  C L(-100 - 100000)
N_ttbar      =  0 +/- 14.526  C L(-100 - 100000)
N_zAndGammaJ =  0 +/- 14.526  C L(-100 - 100000)

   [Observables]

qcdInvmass  =  90 C L(0 - 600)      // [TeV]
qcdMet      =  50 C L(0 - 100)
qcdDeltaphi =   1 C L(0.5 - 3.1415)
weight      =   1 C L(0 - 10000000)



