   [Parameters]

sig_Mass_mean =  90.986 +/- 0.023477 L(40 - 120) 
sig_Mass_sigmaL =  2.7735 +/- 0.019346 L(0 - 1000) 
sig_Mass_sigmaR =  1.9568 +/- 0.017582 L(0 - 1000) 
sig_Mass_alphaL =  0.24699 +/- 0.00076617 L(0 - 1000) 
sig_Mass_alphaR =  0.19363 +/- 0.0011216 L(0 - 1000) 

bkg_Mass_p1 = -0.0139539 +/- 0.00028502 C L(-100 - 100) 
bkg_Mass_p2 =  0.000053390 +/- 0.0000025929 C L(-100 - 100) 

N_sig =  3365.1 +/- 58.009 L(-100 - 1000000) 
N_bkg =  1000 +/- 14.526  L(-100 - 100000)

   [Observables]

zmass =  90 C L(40 - 110)      // [TeV]
