   [Parameters]

sig_deltaphi_mean   =  3.5000 +/- 0.40000 C L(0 - 200)
sig_deltaphi_sigmaL =  0.44621 +/- 0.0014157 C L(0 - 1000)
sig_deltaphi_sigmaR =  2.0000 +/- 0.30000 C L(0 - 1000)
sig_deltaphi_alphaL =  0.24984 +/- 0.00054569 C L(0 - 1000)
sig_deltaphi_alphaR =  0.20000 +/- 0.0095486 C L(0 - 1000)

sig_met_mean   =  8.3152 +/- 0.035313 C L(0 - 40)
sig_met_sigmaL =  3.8542 +/- 0.025048 C L(0 - 50)
sig_met_sigmaR =  15.611 +/- 0.036872 C L(0 - 50)
sig_met_alphaL =  0.00000000000022 +/- 0.00016553 C L(0 - 50)
sig_met_alphaR =  0.087471 +/- 0.00073759 C L(0 - 50)




wenu_deltaphi_p1 = -0.729938 +/- 0.068806 C L(-10 - 10)
wenu_deltaphi_p2 =  0.30087 +/- 0.017296 C L(0 - 100)

wenu_met_mean   =  35.491 +/- 0.070547 C L(0 - 200)
wenu_met_sigmaL =  14.881 +/- 0.33585 C L(0 - 1000)
wenu_met_sigmaR =  12.679 +/- 0.44390 C L(0 - 1000)
wenu_met_alphaL =  0.0000 +/- 0.011056 C L(0 - 1000)
wenu_met_alphaR =  0.11668 +/- 0.015126 C L(0 - 1000)




ttbar_deltaphi_p1 = -1.01461 +/- 0.46732    C L(-100 - 100)
ttbar_deltaphi_p2 =  0.60097 +/- 0.26397    C L(-100 - 100)
ttbar_deltaphi_p3 = -0.00366736 +/- 0.10010 C L(-100 - 100)

ttbar_met_mean =  14.056 +/- 7.2468   C L(0 - 200)
ttbar_met_sigmaL =  6.5343 +/- 5.0140 C L(0 - 1000)
ttbar_met_sigmaR =  26.944 +/- 7.6634 C L(0 - 1000)
ttbar_met_alphaL =  0.0000 +/- 0.11652 C L(0 - 10)
ttbar_met_alphaR =  0.23516 +/- 0.10793 C L(0 - 1000)



N_sig    =  731691 +/- 855.39 L(-100 - 1e+07)
N_wenu   =  2651.0 +/- 51.488 L(0 - 5e+06)
N_ttbar  =   1025.0 +/- 31.790 C L(-10000 - 5e+06)

   [Observables]

qcdInvmass  =  90 C L(0 - 600)      // [TeV]
qcdMet      =  50 C L(0 - 100)
qcdDeltaphi =   1 C L(1 - 3.1415)
weight      =   1 C L(0 - 10000000)



