   [Parameters]
zee_mass_mean   =  91.209 +/- 0.15192    C L(0 - 200) 
zee_mass_sigmaL =  2.8210 +/- 0.12759    C L(0 - 1000) 
zee_mass_sigmaR =  2.0508 +/- 0.11764    C L(0 - 1000) 
zee_mass_alphaL =  0.24323 +/- 0.0066111 C L(0 - 1000) 
zee_mass_alphaR =  0.20317 +/- 0.0095486 C L(0 - 1000) 

#zee_deltaphi_p1 =  78.982 +/- 0.68252  L(-100 - 100)
#zee_deltaphi_p2 = -82.9898 +/- 0.68016 L(-100 - 100)
#zee_deltaphi_p3 =  27.399 +/- 0.23703  L(-100 - 100

zee_deltaphi_mean   =  3.1000 +/- 0.40000    C L(0 - 200)
zee_deltaphi_sigmaR =  1.0000 +/- 0.30000    C L(0 - 1000)
zee_deltaphi_alphaR =  0.20000 +/- 0.0095486 C L(0 - 1000)
zee_deltaphi_sigmaL =  1.0676 +/- 0.027925   L(0 - 1000)
zee_deltaphi_alphaL =  1.8900 +/- 0.029521   L(0 - 1000)

zee_met_mean   =  10.209 +/- 0.15192    C L(0 - 200) 
zee_met_sigmaL =  10.8210 +/- 0.12759   C L(0 - 1000) 
zee_met_sigmaR =  10.0508 +/- 0.11764   C L(0 - 1000) 
zee_met_alphaL =  0.24323 +/- 0.0066111 C L(0 - 1000) 
zee_met_alphaR =  0.20317 +/- 0.0095486 C L(0 - 1000) 





wenu_mass_mean   =  24.005 +/- 0.090780 C L(0 - 200)
wenu_mass_sigmaL =  7.1090 +/- 0.053288 C L(0 - 1000)
wenu_mass_sigmaR =  41.344 +/- 0.11606  C L(0 - 1000)
wenu_mass_alphaL =  0.00000000007728 +/- 0.00023863 C L(0 - 1000)
wenu_mass_alphaR =  0.13119 +/- 0.00055108 C L(0 - 1000)

wenu_deltaphi_mean   =  3.1000 +/- 0.40000    C L(0 - 200)
wenu_deltaphi_sigmaR =  1.0000 +/- 0.30000    C L(0 - 1000)
wenu_deltaphi_alphaR =  0.20000 +/- 0.0095486 C L(0 - 1000)
wenu_deltaphi_sigmaL =  1.0676 +/- 0.027925   C L(0 - 1000)
wenu_deltaphi_alphaL =  1.8900 +/- 0.029521   C L(0 - 1000)

wenu_met_mean   =  35.502 +/- 0.074530 C L(0 - 200)
wenu_met_sigmaL =  13.150 +/- 0.049810 C L(0 - 1000)
wenu_met_sigmaR =  10.159 +/- 0.060218 C L(0 - 1000)
wenu_met_alphaL =  0.00000000001664 +/- 0.00010461 C L(0 - 1000)
wenu_met_alphaR =  0.11404 +/- 0.0013927 C L(0 - 1000)




sig_mass_mean   =  55.0 +/- 0.4 C L(40 - 200) 
sig_mass_sigmaL =  20.0 +/- 0.2 C L(0 - 1000) 
sig_mass_sigmaR =  50.0 +/- 0.3 C L(0 - 1000) 
sig_mass_alphaL =  0.00001 +/- 0.0066111 C L(0 - 1000) 
sig_mass_alphaR =  0.20317 +/- 0.0095486 C L(0 - 1000) 

sig_deltaphi_p1 =  3.4406 +/- 0.043677  C L(-100 - 100)
sig_deltaphi_p2 = -4.46166 +/- 0.043499 C L(-100 - 100)
sig_deltaphi_p3 =  1.6282 +/- 0.014628  C L(-100 - 100)

sig_met_mean   =  20.0 +/- 0.4 C L(0 - 200) 
sig_met_sigmaL =  10.0 +/- 0.2 C L(0 - 1000) 
sig_met_sigmaR =  10.0 +/- 0.3 C L(0 - 1000) 
sig_met_alphaL =  0.00001 +/- 0.0066111 C L(0 - 1000) 
sig_met_alphaR =  0.20317 +/- 0.0095486 C L(0 - 1000) 




ttbar_mass_mean   =  60.0 +/- 0.4    C L(40 - 200) 
ttbar_mass_sigmaL =  45.0 +/- 0.2    C L(0 - 1000) 
ttbar_mass_sigmaR =  45.0 +/- 0.3    C L(0 - 1000) 
ttbar_mass_alphaL =  0.00001 +/- 0.5 C L(0 - 1000) 
ttbar_mass_alphaR =  0.20317 +/- 0.5 C L(0 - 1000) 

ttbar_deltaphi_p1 = -0.0139539 +/- 0.00028502     C L(-100 - 100) 
ttbar_deltaphi_p2 =  0.000053390 +/- 0.0000025929 C L(-100 - 100) 
ttbar_deltaphi_p3 =  0.000053390 +/- 0.0000025929 C L(-100 - 100) 

ttbar_met_mean   =  35.0 +/- 0.4 C L(0 - 200) 
ttbar_met_sigmaL =  10.0 +/- 0.2 C L(0 - 1000) 
ttbar_met_sigmaR =  10.0 +/- 0.3 C L(0 - 1000) 
ttbar_met_alphaL =  0.1 +/- 0.0066111 C L(0 - 1000) 
ttbar_met_alphaR =  0.20317 +/- 0.0095486 C L(0 - 1000) 




N_sig        =  0 +/- 58.009  C L(-100 - 10000000) 
N_wenu       =  0 +/- 14.526  C L(-100 - 5000000)
N_ttbar      =  0 +/- 14.526  C L(-100 - 100000)
N_zee        =  1000000 +/- 14.526  L(-100 - 5000000)

   [Observables]

qcdInvmass  =  90 C L(0 - 600)      // [TeV]
qcdMet      =  50 C L(0 - 100)
qcdDeltaphi =   1 C L(0.5 - 3.1415)
weight      =   1 C L(0 - 10000000)



