   [Parameters]

sig_Mass_mean =  91.209 +/- 0.15192 L(40 - 120) 
sig_Mass_sigmaL =  2.8210 +/- 0.12759 L(0 - 1000) 
sig_Mass_sigmaR =  2.0508 +/- 0.11764 L(0 - 1000) 
sig_Mass_alphaL =  0.24323 +/- 0.0066111 L(0 - 1000) 
sig_Mass_alphaR =  0.20317 +/- 0.0095486 L(0 - 1000) 

bkg_Mass_p1 = -0.0139539 +/- 0.00028502 C L(-100 - 100) 
bkg_Mass_p2 =  0.000053390 +/- 0.0000025929 C L(-100 - 100) 

N_sig =  3365.1 +/- 58.009 L(-100 - 1000000) 
N_bkg =  0 +/- 14.526  C L(-100 - 100000)

   [Observables]

zmass =  90 C L(60 - 110)      // [TeV]
weight = 1 C L(0 - 10000000)
