   [Parameters]

sig_deltaphi_mean   =  3.5000 +/- 0.40000 C L(0 - 200)
sig_deltaphi_sigmaL =  0.41444 +/- 0.00057861 L(0 - 1000)
sig_deltaphi_sigmaR =  2.0000 +/- 0.30000 C L(0 - 1000)
sig_deltaphi_alphaL =  0.25849 +/- 0.00020276 L(0 - 1000)
sig_deltaphi_alphaR =  0.20000 +/- 0.0095486 C L(0 - 1000)

sig_met_mean   =  8.1252 +/- 0.013985 L(0 - 40)
sig_met_sigmaL =  3.9175 +/- 0.010234 L(0 - 50)
sig_met_sigmaR =  11.440 +/- 0.012046 L(0 - 50)
sig_met_alphaL =  0.00000000004038 +/- 0.000026082 L(0 - 50)
sig_met_alphaR =  0.087346 +/- 0.00027032 L(0 - 50)




wenu_deltaphi_mean   =  3.1000 +/- 0.40000 C L(0 - 200)
wenu_deltaphi_sigmaR =  1.0000 +/- 0.30000 C L(0 - 1000)
wenu_deltaphi_alphaR =  0.20000 +/- 0.0095486 C L(0 - 1000)
wenu_deltaphi_sigmaL =  1.0676 +/- 0.027925 C L(0 - 1000)
wenu_deltaphi_alphaL =  1.8900 +/- 0.029521 C L(0 - 1000)

wenu_met_mean   =  55.0 +/- 0.4 C L(40 - 200) 
wenu_met_sigmaL =  20.0 +/- 0.2 C L(0 - 1000) 
wenu_met_sigmaR =  50.0 +/- 0.3 C L(0 - 1000) 
wenu_met_alphaL =  0.00001 +/- 0.0066111 C L(0 - 1000) 
wenu_met_alphaR =  0.20317 +/- 0.0095486 C L(0 - 1000) 



ttbar_deltaphi_p1 = -0.0139539 +/- 0.00028502 C L(-100 - 100) 
ttbar_deltaphi_p2 =  0.000053390 +/- 0.0000025929 C L(-100 - 100) 
ttbar_deltaphi_p3 =  0.000053390 +/- 0.0000025929 C L(-100 - 100) 

ttbar_met_mean   =  55.0 +/- 0.4 C L(40 - 200) 
ttbar_met_sigmaL =  20.0 +/- 0.2 C L(0 - 1000) 
ttbar_met_sigmaR =  50.0 +/- 0.3 C L(0 - 1000) 
ttbar_met_alphaL =  0.00001 +/- 0.0066111 C L(0 - 1000) 
ttbar_met_alphaR =  0.20317 +/- 0.0095486 C L(0 - 1000) 



N_sig    =  4374795 +/- 2091.6 L(-100 - 1e+07)
N_wenu   =  0 +/- 14.526  C L(-100 - 100000)
N_ttbar  =  0 +/- 14.526  C L(-100 - 100000)

   [Observables]

qcdInvmass  =  90 C L(0 - 600)      // [TeV]
qcdMet      =  50 C L(0 - 100)
qcdDeltaphi =   1 C L(1 - 3.1415)
weight      =   1 C L(0 - 10000000)



