   [Parameters]

wenu_mass_mean   =  24.005 +/- 0.090780 L(0 - 200)
wenu_mass_sigmaL =  7.1090 +/- 0.053288 L(0 - 1000)
wenu_mass_sigmaR =  41.344 +/- 0.11606  L(0 - 1000)
wenu_mass_alphaL =  0.00000000007728 +/- 0.00023863 L(0 - 1000)
wenu_mass_alphaR =  0.13119 +/- 0.00055108 L(0 - 1000)

wenu_deltaphi_p1 = -0.729812 +/- 0.058590 L(-10 - 10) 
wenu_deltaphi_p2 =  0.30089 +/- 0.014722 L(0 - 100) 

wenu_met_mean =  35.505 +/- 1.0121 L(0 - 200) 
wenu_met_sigmaL =  14.869 +/- 1.0774 L(0 - 1000) 
wenu_met_sigmaR =  12.675 +/- 0.15711 L(0 - 1000) 
wenu_met_alphaL =  0.0 +/- 0.011056 C L(0 - 1000) 
wenu_met_alphaR =  0.11650 +/- 0.011770 L(0 - 1000) 

sig_mass_mean   =  55.0 +/- 0.4 C L(40 - 200) 
sig_mass_sigmaL =  20.0 +/- 0.2 C L(0 - 1000) 
sig_mass_sigmaR =  50.0 +/- 0.3 C L(0 - 1000) 
sig_mass_alphaL =  0.00001 +/- 0.0066111 C L(0 - 1000) 
sig_mass_alphaR =  0.20317 +/- 0.0095486 C L(0 - 1000) 

sig_deltaphi_p1 =  3.4406 +/- 0.043677 C L(-100 - 100)
sig_deltaphi_p2 = -4.46166 +/- 0.043499 C L(-100 - 100)
sig_deltaphi_p3 =  1.6282 +/- 0.014628 C L(-100 - 100)

sig_met_mean   =  20.0 +/- 0.4 C L(0 - 200) 
sig_met_sigmaL =  10.0 +/- 0.2 C L(0 - 1000) 
sig_met_sigmaR =  10.0 +/- 0.3 C L(0 - 1000) 
sig_met_alphaL =  0.00001 +/- 0.0066111 C L(0 - 1000) 
sig_met_alphaR =  0.20317 +/- 0.0095486 C L(0 - 1000) 




ttbar_mass_mean   =  60.0 +/- 0.4 C L(40 - 200) 
ttbar_mass_sigmaL =  45.0 +/- 0.2 C L(0 - 1000) 
ttbar_mass_sigmaR =  45.0 +/- 0.3 C L(0 - 1000) 
ttbar_mass_alphaL =  0.00001 +/- 0.5 C L(0 - 1000) 
ttbar_mass_alphaR =  0.20317 +/- 0.5 C L(0 - 1000) 

ttbar_deltaphi_p1 = -0.0139539 +/- 0.00028502 C L(-100 - 100) 
ttbar_deltaphi_p2 =  0.000053390 +/- 0.0000025929 C L(-100 - 100) 
ttbar_deltaphi_p3 =  0.000053390 +/- 0.0000025929 C L(-100 - 100) 

ttbar_met_mean   =  35.0 +/- 0.4 C L(0 - 200) 
ttbar_met_sigmaL =  10.0 +/- 0.2 C L(0 - 1000) 
ttbar_met_sigmaR =  10.0 +/- 0.3 C L(0 - 1000) 
ttbar_met_alphaL =  0.1 +/- 0.0066111 C L(0 - 1000) 
ttbar_met_alphaR =  0.20317 +/- 0.0095486 C L(0 - 1000) 




zAndGammaJ_mass_mean   =  91.209 +/- 0.15192 C L(40 - 120) 
zAndGammaJ_mass_sigmaL =  2.8210 +/- 0.12759 C L(0 - 1000) 
zAndGammaJ_mass_sigmaR =  2.0508 +/- 0.11764 C L(0 - 1000) 
zAndGammaJ_mass_alphaL =  0.24323 +/- 0.0066111 C L(0 - 1000) 
zAndGammaJ_mass_alphaR =  0.20317 +/- 0.0095486 C L(0 - 1000) 

zAndGammaJ_deltaphi_p1 = -0.0139539 +/- 0.00028502 C L(-100 - 100) 
zAndGammaJ_deltaphi_p2 =  0.000053390 +/- 0.0000025929 C L(-100 - 100) 
zAndGammaJ_deltaphi_p3 =  0.000053390 +/- 0.0000025929 C L(-100 - 100) 

zAndGammaJ_met_mean   =  91.209 +/- 0.15192 C L(40 - 120) 
zAndGammaJ_met_sigmaL =  2.8210 +/- 0.12759 C L(0 - 1000) 
zAndGammaJ_met_sigmaR =  2.0508 +/- 0.11764 C L(0 - 1000) 
zAndGammaJ_met_alphaL =  0.24323 +/- 0.0066111 C L(0 - 1000) 
zAndGammaJ_met_alphaR =  0.20317 +/- 0.0095486 C L(0 - 1000) 




N_sig        =  0 +/- 58.009 C L(-100 - 10000000) 
N_wenu       =  120000 +/- 14.526  L(0 - 5000000)
N_ttbar      =  0 +/- 14.526  C L(-100 - 100000)
N_zAndGammaJ =  0 +/- 14.526  C L(-100 - 100000)

   [Observables]

qcdInvmass  =  90 C L(0 - 600)      // [TeV]
qcdMet      =  50 C L(0 - 100)
qcdDeltaphi =   1 C L(1.0 - 3.1415)
weight      =   1 C L(0 - 10000000)



