   [Parameters]

ttbar_mass_mean   =  49.619 +/- 0.18338 C L(0 - 200)
ttbar_mass_sigmaL =  12.788 +/- 0.17170 C L(0 - 1000)
ttbar_mass_sigmaR =  54.633 +/- 0.19779 C L(0 - 1000)
ttbar_mass_alphaL =  0.016284 +/- 0.0055422 C L(0 - 1000)
ttbar_mass_alphaR =  0.17045 +/- 0.00068956 C L(0 - 1000)

ttbar_deltaphi_p1 =  1.5679 +/- 0.12436    C L(-100 - 100)
ttbar_deltaphi_p2 = -0.481086 +/- 0.060424 C L(-100 - 100)
ttbar_deltaphi_p3 =  0.43490 +/- 0.021958  C L(-100 - 100)

ttbar_met_mean   =  14.759 +/- 0.13524  L(0 - 200)
ttbar_met_sigmaL =  6.8800 +/- 0.092786 L(0 - 1000)
ttbar_met_sigmaR =  33.481 +/- 0.27406  L(0 - 1000)
ttbar_met_alphaL =  0.00000000007257 +/- 0.00059158 L(0 - 1000)
ttbar_met_alphaR =  0.22491 +/- 0.0062906 L(0 - 1000)




sig_mass_mean   =  55.0 +/- 0.4 C L(40 - 200) 
sig_mass_sigmaL =  20.0 +/- 0.2 C L(0 - 1000) 
sig_mass_sigmaR =  50.0 +/- 0.3 C L(0 - 1000) 
sig_mass_alphaL =  0.00001 +/- 0.0066111 C L(0 - 1000) 
sig_mass_alphaR =  0.20317 +/- 0.0095486 C L(0 - 1000) 

sig_deltaphi_p1 =  3.4406 +/- 0.043677  C L(-100 - 100)
sig_deltaphi_p2 = -4.46166 +/- 0.043499 C L(-100 - 100)
sig_deltaphi_p3 =  1.6282 +/- 0.014628  C L(-100 - 100)

sig_met_mean   =  20.0 +/- 0.4 C L(0 - 200) 
sig_met_sigmaL =  10.0 +/- 0.2 C L(0 - 1000) 
sig_met_sigmaR =  10.0 +/- 0.3 C L(0 - 1000) 
sig_met_alphaL =  0.00001 +/- 0.0066111 C L(0 - 1000) 
sig_met_alphaR =  0.20317 +/- 0.0095486 C L(0 - 1000) 




wenu_mass_mean   =  60.0 +/- 0.4 C L(40 - 200) 
wenu_mass_sigmaL =  45.0 +/- 0.2 C L(0 - 1000) 
wenu_mass_sigmaR =  45.0 +/- 0.3 C L(0 - 1000) 
wenu_mass_alphaL =  0.00001 +/- 0.5 C L(0 - 1000) 
wenu_mass_alphaR =  0.20317 +/- 0.5 C L(0 - 1000) 

wenu_deltaphi_mean   =  3.1000 +/- 0.40000 C L(0 - 200)
wenu_deltaphi_sigmaR =  1.0000 +/- 0.30000 C L(0 - 1000)
wenu_deltaphi_alphaR =  0.20000 +/- 0.0095486 C L(0 - 1000)
wenu_deltaphi_sigmaL =  1.0676 +/- 0.027925 C L(0 - 1000)
wenu_deltaphi_alphaL =  1.8900 +/- 0.029521 C L(0 - 1000)

wenu_met_mean   =  35.0 +/- 0.4 C L(0 - 200) 
wenu_met_sigmaL =  10.0 +/- 0.2 C L(0 - 1000) 
wenu_met_sigmaR =  10.0 +/- 0.3 C L(0 - 1000) 
wenu_met_alphaL =  0.1 +/- 0.0066111 C L(0 - 1000) 
wenu_met_alphaR =  0.20317 +/- 0.0095486 C L(0 - 1000) 





zAndGammaJ_mass_mean   =  91.209 +/- 0.15192 C L(40 - 120) 
zAndGammaJ_mass_sigmaL =  2.8210 +/- 0.12759 C L(0 - 1000) 
zAndGammaJ_mass_sigmaR =  2.0508 +/- 0.11764 C L(0 - 1000) 
zAndGammaJ_mass_alphaL =  0.24323 +/- 0.0066111 C L(0 - 1000) 
zAndGammaJ_mass_alphaR =  0.20317 +/- 0.0095486 C L(0 - 1000) 

zAndGammaJ_deltaphi_p1 = -0.0139539 +/- 0.00028502 C L(-100 - 100) 
zAndGammaJ_deltaphi_p2 =  0.000053390 +/- 0.0000025929 C L(-100 - 100) 
zAndGammaJ_deltaphi_p3 =  0.000053390 +/- 0.0000025929 C L(-100 - 100) 

zAndGammaJ_met_mean   =  91.209 +/- 0.15192 C L(40 - 120) 
zAndGammaJ_met_sigmaL =  2.8210 +/- 0.12759 C L(0 - 1000) 
zAndGammaJ_met_sigmaR =  2.0508 +/- 0.11764 C L(0 - 1000) 
zAndGammaJ_met_alphaL =  0.24323 +/- 0.0066111 C L(0 - 1000) 
zAndGammaJ_met_alphaR =  0.20317 +/- 0.0095486 C L(0 - 1000) 




N_ttbar      =  250000 +/- 502.82 L(-100 - 5000000)
N_sig        =  0 +/- 58.009 C L(-100 - 10000000) 
N_wenu       =  0 +/- 14.526  C L(-100 - 1000000)
N_zAndGammaJ =  0 +/- 14.526  C L(-100 - 100000)

   [Observables]

qcdInvmass  =  90 C L(0 - 600)      // [TeV]
qcdMet      =  50 C L(0 - 100)
qcdDeltaphi =   1 C L(0.5 - 3.1415)
weight      =   1 C L(0 - 10000000)



