
   [Parameters]
sig_Mass_mean =  91.209 +/- 0.15192 C L(40 - 120) 
sig_Mass_sigmaL =  2.8210 +/- 0.12759 C L(0 - 1000) 
sig_Mass_sigmaR =  2.0508 +/- 0.11764 C L(0 - 1000) 
sig_Mass_alphaL =  0.24323 +/- 0.0066111 C L(0 - 1000) 
sig_Mass_alphaR =  0.20317 +/- 0.0095486 C L(0 - 1000) 
bkg_Mass_p1 =  0.0037929 +/- 0.0030902 L(-100 - 100) 
bkg_Mass_p2 = -0.000100708 +/- 0.000026574 L(-100 - 100) 
N_sig =  0.0000 C L(-100 - 1e+06) 
N_bkg =  595.05 +/- 24.394 L(-100 - 100000) 

   [Observables]
