
   [Parameters]
sig_deltaphi_p1 =  3.5262 +/- 0.058531 L(-10 - 10) 
sig_deltaphi_p2 = -3.91942 +/- 0.051664 L(-10 - 10) 
sig_deltaphi_p3 =  1.2639 +/- 0.015307 L(-10 - 10) 
bkg_deltaphi_p1 =  1.0000 C L(-INF - +INF) 
bkg_deltaphi_p2 =  1.0000 C L(-INF - +INF) 
bkg_deltaphi_p3 =  1.0000 C L(-INF - +INF) 
N_sig =  48806 +/- 220.92 L(-100 - 1e+06) 
N_bkg =  0.0000 +/- 14.526 C L(-100 - 100000) 

   [Observables]
