
   [Parameters]
sig_deltaphi_mean =  3.5000 +/- 0.40000 C L(0 - 200) 
sig_deltaphi_sigmaL =  0.41444 +/- 0.00057861 C L(0 - 1000) 
sig_deltaphi_sigmaR =  2.0000 +/- 0.30000 C L(0 - 1000) 
sig_deltaphi_alphaL =  0.25849 +/- 0.00020276 C L(0 - 1000) 
sig_deltaphi_alphaR =  0.20000 +/- 0.0095486 C L(0 - 1000) 
wenu_deltaphi_p1 = -0.729812 +/- 0.058590 C L(-10 - 10) 
wenu_deltaphi_p2 =  0.30089 +/- 0.014722 C L(0 - 100) 
ttbar_deltaphi_p1 = -1.01461 +/- 0.46732 C L(-100 - 100) 
ttbar_deltaphi_p2 =  0.60097 +/- 0.26397 C L(-100 - 100) 
ttbar_deltaphi_p3 = -0.00366736 +/- 0.10010 C L(-100 - 100) 
sig_met_mean =  8.1252 +/- 0.013985 C L(0 - 40) 
sig_met_sigmaL =  3.9175 +/- 0.010234 C L(0 - 50) 
sig_met_sigmaR =  11.440 +/- 0.012046 C L(0 - 50) 
sig_met_alphaL =  0.00000000004038 +/- 0.000026082 C L(0 - 50) 
sig_met_alphaR =  0.087346 +/- 0.00027032 C L(0 - 50) 
wenu_met_mean =  35.505 +/- 1.0121 C L(0 - 200) 
wenu_met_sigmaL =  14.869 +/- 1.0774 C L(0 - 1000) 
wenu_met_sigmaR =  12.675 +/- 0.15711 C L(0 - 1000) 
wenu_met_alphaL =  0.0000000039331 +/- 0.011056 C L(0 - 1000) 
wenu_met_alphaR =  0.11650 +/- 0.011770 C L(0 - 1000) 
ttbar_met_mean =  14.056 +/- 7.2468 C L(0 - 200) 
ttbar_met_sigmaL =  6.5343 +/- 5.0140 C L(0 - 1000) 
ttbar_met_sigmaR =  26.944 +/- 7.6634 C L(0 - 1000) 
ttbar_met_alphaL =  0.0000 +/- 0.11652 C L(0 - 10) 
ttbar_met_alphaR =  0.23516 +/- 0.10793 C L(0 - 1000) 
N_sig =  4059377 +/- 2117.3 L(0 - 1e+09) 
N_wenu =  25047 +/- 668.06 L(-10000 - 5e+06) 
N_ttbar =  1025.0 +/- 31.790 C L(-10000 - 5e+06) 

   [Observables]
