
   [Parameters]
sig_deltaphi_mean =  0.10000 C L(-INF - +INF) 
sig_deltaphi_sigmaL =  0.10000 C L(-INF - +INF) 
sig_deltaphi_sigmaR =  0.10000 C L(-INF - +INF) 
sig_deltaphi_alphaL =  0.10000 C L(-INF - +INF) 
sig_deltaphi_alphaR =  0.10000 C L(-INF - +INF) 
wenu_deltaphi_p1 = -0.729812 +/- 0.058590 L(-10 - 10) 
wenu_deltaphi_p2 =  0.30089 +/- 0.014722 L(0 - 100) 
ttbar_deltaphi_p1 = -0.0139539 +/- 0.00028502 C L(-100 - 100) 
ttbar_deltaphi_p2 =  0.000053390 +/- 0.0000025929 C L(-100 - 100) 
ttbar_deltaphi_p3 =  0.000053390 +/- 0.0000025929 C L(-100 - 100) 
sig_met_mean =  20.000 +/- 0.40000 C L(0 - 200) 
sig_met_sigmaL =  10.000 +/- 0.20000 C L(0 - 1000) 
sig_met_sigmaR =  10.000 +/- 0.30000 C L(0 - 1000) 
sig_met_alphaL =  0.000010000 +/- 0.0066111 C L(0 - 1000) 
sig_met_alphaR =  0.20317 +/- 0.0095486 C L(0 - 1000) 
wenu_met_mean =  35.505 +/- 1.0121 L(0 - 200) 
wenu_met_sigmaL =  14.869 +/- 1.0774 L(0 - 1000) 
wenu_met_sigmaR =  12.675 +/- 0.15711 L(0 - 1000) 
wenu_met_alphaL =  0.0000000039331 +/- 0.011056 L(0 - 1000) 
wenu_met_alphaR =  0.11650 +/- 0.011770 L(0 - 1000) 
ttbar_met_mean =  35.000 +/- 0.40000 C L(0 - 200) 
ttbar_met_sigmaL =  10.000 +/- 0.20000 C L(0 - 1000) 
ttbar_met_sigmaR =  10.000 +/- 0.30000 C L(0 - 1000) 
ttbar_met_alphaL =  0.10000 +/- 0.0066111 C L(0 - 1000) 
ttbar_met_alphaR =  0.20317 +/- 0.0095486 C L(0 - 1000) 
N_sig =  0.0000 +/- 58.009 C L(-100 - 1e+07) 
N_wenu =  2650.7 +/- 43.852 L(0 - 5e+06) 
N_ttbar =  0.0000 +/- 14.526 C L(-100 - 100000) 

   [Observables]
