
   [Parameters]
sig_Mass_mean =  91.018 +/- 0.024466 L(40 - 120) 
sig_Mass_sigmaL =  2.6667 +/- 0.024418 L(0 - 1000) 
sig_Mass_sigmaR =  1.8460 +/- 0.018772 L(0 - 1000) 
sig_Mass_alphaL =  0.26898 +/- 0.0027899 L(0 - 1000) 
sig_Mass_alphaR =  0.21669 +/- 0.0017662 L(0 - 1000) 
bkg_Mass_p1 = -0.0139539 +/- 0.00028502 C L(-100 - 100) 
bkg_Mass_p2 =  0.000053390 +/- 0.0000025929 C L(-100 - 100) 
N_sig =  117818 +/- 759.40 L(-100 - 1e+06) 
N_bkg =  2684.1 +/- 679.22 L(-100 - 100000) 

   [Observables]

zmass =  90 C L(40 - 110)      // [TeV]
