
   [Parameters]
sig_deltaphi_mean =  3.5000 +/- 0.40000 C L(0 - 200) 
sig_deltaphi_sigmaL =  0.44621 +/- 0.0014157 L(0 - 1000) 
sig_deltaphi_sigmaR =  2.0000 +/- 0.30000 C L(0 - 1000) 
sig_deltaphi_alphaL =  0.24984 +/- 0.00054569 L(0 - 1000) 
sig_deltaphi_alphaR =  0.20000 +/- 0.0095486 C L(0 - 1000) 
wenu_deltaphi_p1 =  1.0000 C L(-INF - +INF) 
wenu_deltaphi_p2 =  1.0000 C L(-INF - +INF) 
ttbar_deltaphi_p1 = -0.0139539 +/- 0.00028502 C L(-100 - 100) 
ttbar_deltaphi_p2 =  0.000053390 +/- 0.0000025929 C L(-100 - 100) 
ttbar_deltaphi_p3 =  0.000053390 +/- 0.0000025929 C L(-100 - 100) 
sig_met_mean =  8.3152 +/- 0.035313 L(0 - 40) 
sig_met_sigmaL =  3.8542 +/- 0.025048 L(0 - 50) 
sig_met_sigmaR =  15.611 +/- 0.036872 L(0 - 50) 
sig_met_alphaL =  0.00000000000022 +/- 0.00016553 L(0 - 50) 
sig_met_alphaR =  0.087471 +/- 0.00073759 L(0 - 50) 
wenu_met_mean =  55.000 +/- 0.40000 C L(40 - 200) 
wenu_met_sigmaL =  20.000 +/- 0.20000 C L(0 - 1000) 
wenu_met_sigmaR =  50.000 +/- 0.30000 C L(0 - 1000) 
wenu_met_alphaL =  0.000010000 +/- 0.0066111 C L(0 - 1000) 
wenu_met_alphaR =  0.20317 +/- 0.0095486 C L(0 - 1000) 
ttbar_met_mean =  55.000 +/- 0.40000 C L(40 - 200) 
ttbar_met_sigmaL =  20.000 +/- 0.20000 C L(0 - 1000) 
ttbar_met_sigmaR =  50.000 +/- 0.30000 C L(0 - 1000) 
ttbar_met_alphaL =  0.000010000 +/- 0.0066111 C L(0 - 1000) 
ttbar_met_alphaR =  0.20317 +/- 0.0095486 C L(0 - 1000) 
N_sig =  731691 +/- 855.39 L(-100 - 1e+07) 
N_wenu =  0.0000 +/- 14.526 C L(-100 - 100000) 
N_ttbar =  0.0000 +/- 14.526 C L(-100 - 100000) 

   [Observables]
