
   [Parameters]
sig_deltaphi_mean =  3.5000 +/- 0.40000 C L(0 - 200) 
sig_deltaphi_sigmaL =  0.41443 +/- 0.00057922 L(0 - 1000) 
sig_deltaphi_sigmaR =  2.0000 +/- 0.30000 C L(0 - 1000) 
sig_deltaphi_alphaL =  0.25850 +/- 0.00020297 L(0 - 1000) 
sig_deltaphi_alphaR =  0.20000 +/- 0.0095486 C L(0 - 1000) 
wenu_deltaphi_mean =  3.1000 +/- 0.40000 C L(0 - 200) 
wenu_deltaphi_sigmaL =  1.0676 +/- 0.027925 C L(0 - 1000) 
wenu_deltaphi_sigmaR =  1.0000 +/- 0.30000 C L(0 - 1000) 
wenu_deltaphi_alphaL =  1.8900 +/- 0.029521 C L(0 - 1000) 
wenu_deltaphi_alphaR =  0.20000 +/- 0.0095486 C L(0 - 1000) 
ttbar_deltaphi_p1 = -0.0139539 +/- 0.00028502 C L(-100 - 100) 
ttbar_deltaphi_p2 =  0.000053390 +/- 0.0000025929 C L(-100 - 100) 
ttbar_deltaphi_p3 =  0.000053390 +/- 0.0000025929 C L(-100 - 100) 
sig_met_mean =  8.1253 +/- 0.014116 L(0 - 40) 
sig_met_sigmaL =  3.9176 +/- 0.010317 L(0 - 50) 
sig_met_sigmaR =  11.441 +/- 0.012145 L(0 - 50) 
sig_met_alphaL =  0.00000000000242 +/- 0.000026083 L(0 - 50) 
sig_met_alphaR =  0.087343 +/- 0.00027170 L(0 - 50) 
wenu_met_mean =  55.000 +/- 0.40000 C L(40 - 200) 
wenu_met_sigmaL =  20.000 +/- 0.20000 C L(0 - 1000) 
wenu_met_sigmaR =  50.000 +/- 0.30000 C L(0 - 1000) 
wenu_met_alphaL =  0.000010000 +/- 0.0066111 C L(0 - 1000) 
wenu_met_alphaR =  0.20317 +/- 0.0095486 C L(0 - 1000) 
ttbar_met_mean =  55.000 +/- 0.40000 C L(40 - 200) 
ttbar_met_sigma =  0.10000 C L(-INF - +INF) 
ttbar_met_alpha =  0.10000 C L(-INF - +INF) 
ttbar_met_alphaCB =  0.10000 C L(-INF - +INF) 
ttbar_met_nCB =  0.10000 C L(-INF - +INF) 
N_sig =  4083578 +/- 2020.8 L(-100 - 1e+07) 
N_wenu =  0.0000 +/- 14.526 C L(-100 - 100000) 
N_ttbar =  0.0000 +/- 14.526 C L(-100 - 100000) 

   [Observables]
