
   [Parameters]
sig_Mass_mean =  91.211 +/- 0.14657 C L(40 - 120) 
sig_Mass_sigmaL =  2.8853 +/- 0.12483 C L(0 - 1000) 
sig_Mass_sigmaR =  1.9213 +/- 0.11188 C L(0 - 1000) 
sig_Mass_alphaL =  0.22985 +/- 0.0065551 C L(0 - 1000) 
sig_Mass_alphaR =  0.21441 +/- 0.0091437 C L(0 - 1000) 
bkg_Mass_p1 = -0.0139539 +/- 0.00028502 L(-100 - 100) 
bkg_Mass_p2 =  0.000053390 +/- 0.0000025929 L(-100 - 100) 
N_sig =  0.0000 +/- 58.009 C L(-100 - 1e+06) 
N_bkg =  8116.9 +/- 90.094 L(-100 - 100000) 

   [Observables]
