
   [Parameters]
sig_Mass_mean =  90.986 +/- 0.023477 L(40 - 120) 
sig_Mass_sigmaL =  2.7735 +/- 0.019346 L(0 - 1000) 
sig_Mass_sigmaR =  1.9568 +/- 0.017582 L(0 - 1000) 
sig_Mass_alphaL =  0.24699 +/- 0.00076617 L(0 - 1000) 
sig_Mass_alphaR =  0.19363 +/- 0.0011216 L(0 - 1000) 
bkg_Mass_p1 = -0.00727319 +/- 0.00067573 C L(-10 - 10) 
bkg_Mass_p2 =  0.0000 +/- 10.000 C L(-10 - 10) 
N_sig =  113142 +/- 336.37 L(-100 - 1e+06) 
N_bkg =  0.0000 +/- 14.526 C L(-100 - 1000) 

   [Observables]
